SCMBranch=SpaTMV2017
SCMRepository=SpaTMV2017/Spa_Datdaiduong/NANOSPA/images/zenspa
9.png;1108009336;3;1490697453;
8.png;1095669655;3;1490697453;
7.png;2461539123;3;1490697453;
6.png;958195427;3;1490697455;
5.png;382452168;3;1490697455;
4.png;2601176198;3;1490697456;
3.png;3466556890;3;1490697459;
20.png;4081035659;3;1490697462;
2.png;341720678;3;1490697462;
19.png;4276061429;3;1490697462;
18.png;1971679928;3;1490697462;
17.png;1834237304;3;1490697462;
16.png;2378203401;3;1490697464;
15.png;2793305109;3;1490697464;
12.png;29522561;3;1490697466;
11.png;2067659806;3;1490697466;
10.png;2097441352;3;1490697466;
1.png;645654951;3;1490697466;
