SCMBranch=SpaTMV2017
SCMRepository=SpaTMV2017/Spa_Datdaiduong/NANOSPA/images/4b4a00930e767e8d70506b9ce2eb123a
vip_card.png;505481747;1;1490697504;
VIP.png;2377759783;1;1490697504;
Trogiup.png;915702170;1;1490697507;
TKH_blue4.png;1697592064;1;1490697508;
TKH_blue3.png;474334546;1;1490697508;
TKH_blue2.png;3026011283;1;1490697508;
TKH_blue1.png;2642166119;1;1490697508;
three.png;3301625268;1;1490697508;
tab2.png;957617415;1;1490697509;
tab-right.png;2223051587;1;1490697509;
tab-left.png;1969798218;1;1490697509;
tab-left-active.png;4006927767;1;1490697509;
progress.png;679268037;1;1490697523;
new.png;693043251;1;1490697527;
member_card.png;4247244655;1;1490697534;
MEMBER.png;3793378972;1;1490697534;
mat sau the.png;1089783081;1;1490697534;
logoNano.png;645781943;1;1490697536;
logoDibiMilano.png;708071278;1;1490697537;
logo_bluebeauty.png;1422057871;1;1490697537;
LoginCustomer.png;4000347316;1;1490697537;
favicon.png;3525372549;1;1490697554;
DLL.png;1250583598;1;1490697561;
discount_card.png;3284451189;1;1490697561;
CARD.png;661397555;1;1490697585;
calendar.png;541404404;1;1490697585;
bgroud.png;1984623345;1;1490697588;
beautiful-3d-style-47-1280x1024.png;3112528294;1;1490697588;
001.png;2800275608;1;1490697604;
