SCMBranch=SpaTMV2017
SCMRepository=SpaTMV2017/Spa_Datdaiduong/BO/bin/Debug
Microsoft.Practices.Unity.dll;2248534351;3;1490697689;
Microsoft.Practices.ObjectBuilder2.dll;1588226571;3;1490697689;
Microsoft.Practices.EnterpriseLibrary.Data.dll;4271323727;3;1490697689;
Microsoft.Practices.EnterpriseLibrary.Common.dll;4069386069;3;1490697689;
LogError.dll;1364257429;3;1490697689;
Lib_SAT.dll;3544366219;3;1490697689;
DB.xml;3597489890;3;1490697691;
DB.pdb;2793830402;3;1490697691;
DB.dll;3403486078;3;1490697691;
CM.xml;3158221038;3;1490697691;
CM.pdb;1022425421;3;1490697691;
CM.dll;4206652889;3;1490697691;
BO.xml;4133077503;3;1490697694;
BO.pdb;4003948189;3;1490697694;
BO.dll;3224432613;3;1490697695;
vsA0A.tmp;4133077503;1;1490697695;
BO.vshost.exe.manifest;644594118;1;1490697695;
BO.vshost.exe;517307387;1;1490697695;
