SCMBranch=SpaTMV2017
SCMRepository=SpaTMV2017/Spa_Datdaiduong/NANOSPA/Css/images
ui-icons_ffffff_256x240.png;2743360747;3;1490697232;
ui-icons_ffd27a_256x240.png;1473988252;3;1490697232;
ui-icons_f9bd01_256x240.png;4116435157;3;1490697232;
ui-icons_ef8c08_256x240.png;1897992604;3;1490697232;
ui-icons_d8e7f3_256x240.png;4096818778;3;1490697232;
ui-icons_cd0a0a_256x240.png;405696670;3;1490697232;
ui-icons_888888_256x240.png;2565386753;3;1490697232;
ui-icons_6da8d5_256x240.png;142709101;3;1490697232;
ui-icons_469bdd_256x240.png;1896101424;3;1490697232;
ui-icons_454545_256x240.png;1854247390;3;1490697232;
ui-icons_2e83ff_256x240.png;3146408188;3;1490697232;
ui-icons_228ef1_256x240.png;2377248749;3;1490697232;
ui-icons_222222_256x240.png;49182804;3;1490697232;
ui-icons_217bc0_256x240.png;460230266;3;1490697232;
ui-bg_inset-hard_100_fcfdfd_1x100.png;773517612;3;1490697233;
ui-bg_inset-hard_100_f5f8f9_1x100.png;1792097548;3;1490697233;
ui-bg_highlight-soft_75_ffe45c_1x100.png;2987155696;3;1490697233;
ui-bg_highlight-soft_75_cccccc_1x100.png;55138348;3;1490697233;
ui-bg_highlight-soft_100_eeeeee_1x100.png;1250077809;3;1490697233;
ui-bg_glass_95_fef1ec_1x400.png;2750506398;3;1490697233;
ui-bg_glass_85_dfeffc_1x400.png;2497627421;3;1490697233;
ui-bg_glass_75_e6e6e6_1x400.png;1848444072;3;1490697233;
ui-bg_glass_75_dadada_1x400.png;2279278770;3;1490697233;
ui-bg_glass_75_d0e5f5_1x400.png;93194458;3;1490697233;
ui-bg_glass_65_ffffff_1x400.png;3053628305;3;1490697233;
ui-bg_glass_55_fbf9ee_1x400.png;1547371506;3;1490697233;
ui-bg_glass_100_fdf5ce_1x400.png;433506293;3;1490697233;
ui-bg_glass_100_f6f6f6_1x400.png;634530565;3;1490697233;
ui-bg_flat_75_ffffff_40x100.png;1864341593;3;1490697233;
ui-bg_flat_55_fbec88_40x100.png;3216756921;3;1490697234;
ui-bg_flat_10_000000_40x100.png;1659557285;3;1490697235;
ui-bg_flat_0_aaaaaa_40x100.png;3452200092;3;1490697235;
ui-bg_diagonals-thick_20_666666_40x40.png;2366960863;3;1490697235;
ui-bg_diagonals-thick_18_b81900_40x40.png;2355410518;3;1490697235;
animated-overlay.gif;2783905010;3;1490697446;
