SCMBranch=SpaTMV2017
SCMRepository=SpaTMV2017/Spa_Datdaiduong/DB/bin/Release
Microsoft.Practices.Unity.dll;2248534351;3;1490697634;
Microsoft.Practices.ObjectBuilder2.dll;1588226571;3;1490697634;
Microsoft.Practices.EnterpriseLibrary.Data.dll;4271323727;3;1490697634;
Microsoft.Practices.EnterpriseLibrary.Common.dll;4069386069;3;1490697634;
LogError.dll;1364257429;3;1490697634;
Lib_SAT.dll;3544366219;3;1490697634;
DB.xml;3597489890;3;1490697639;
DB.pdb;1737615302;3;1490697641;
DB.exe;902245953;3;1490697641;
DB.dll;435399795;3;1490697642;
CM.xml;3158221038;3;1490697642;
CM.pdb;4165254173;3;1490697642;
CM.exe;641402989;3;1490697642;
CM.dll;3824667413;3;1490697642;
vs628C.tmp;3597489890;1;1490697645;
vs47BC.tmp;3597489890;1;1490697645;
