SCMBranch=SpaTMV2017
SCMRepository=SpaTMV2017/Spa_Datdaiduong/NANOSPA/ckfinder/help/es-mx/files
toc.html;2511510640;3;1490697239;
suggestions.html;3032360813;3;1490697242;
license.html;3217460536;3;1490697383;
header.html;1295070872;3;1490697393;
013.html;3481148464;3;1490697469;
012.html;4094168163;3;1490697470;
011.html;3415578700;3;1490697471;
010.html;323045194;3;1490697472;
009.html;1238975109;3;1490697474;
008.html;1560380407;3;1490697474;
007.html;3928562999;3;1490697476;
006.html;1378681228;3;1490697478;
005.html;4271140561;3;1490697478;
004.html;668185829;3;1490697480;
003.html;54963745;3;1490697481;
002.html;529379091;3;1490697482;
001.html;445126510;3;1490697483;
