SCMBranch=SpaTMV2017
SCMRepository=SpaTMV2017/Spa_Datdaiduong/NANOSPA/images/3ec063f89c92c3d69422f80046a98730
(9).png;1369125416;1;1490697605;
(8).png;1783534809;1;1490697605;
(7).png;2406597895;1;1490697605;
(6).png;3377267901;1;1490697606;
(57).png;197267426;1;1490697606;
(5).png;3402198589;1;1490697606;
(49).png;1778883664;1;1490697606;
(43).png;654371910;1;1490697606;
(4).png;507223379;1;1490697606;
(33).png;3269808404;1;1490697607;
(3).png;3656786822;1;1490697607;
(28).png;1796873258;1;1490697608;
(24).png;2830691634;1;1490697608;
(20).png;933315107;1;1490697608;
(2).png;2749317183;1;1490697608;
(18).png;814750319;1;1490697608;
(17).png;244428847;1;1490697608;
(16).png;3326830894;1;1490697609;
(15).png;1282097888;1;1490697609;
(14).png;3358133418;1;1490697609;
(13).png;1365302002;1;1490697609;
(12).png;3109806770;1;1490697609;
(11).png;3415914522;1;1490697609;
(10).png;2384627710;1;1490697609;
(1).png;4174692326;1;1490697610;
