SCMBranch=SpaTMV2017
SCMRepository=SpaTMV2017/Spa_Datdaiduong/NANOSPA/ckeditor/plugins/smiley/images
wink_smile.gif;4082006199;3;1490697227;
whatchutalkingabout_smile.gif;255333199;3;1490697227;
tounge_smile.gif;2394321030;3;1490697237;
thumbs_up.gif;1084244439;3;1490697239;
thumbs_down.gif;1215872152;3;1490697239;
teeth_smile.gif;1276498597;3;1490697241;
shades_smile.gif;937190174;3;1490697244;
sad_smile.gif;2591059902;3;1490697247;
regular_smile.gif;1457312087;3;1490697252;
omg_smile.gif;750015724;3;1490697261;
lightbulb.gif;2980431248;3;1490697381;
kiss.gif;1606824362;3;1490697384;
heart.gif;424333107;3;1490697393;
envelope.gif;613299274;3;1490697401;
embaressed_smile.gif;1471222286;3;1490697402;
devil_smile.gif;1012493844;3;1490697408;
cry_smile.gif;1460983661;3;1490697422;
confused_smile.gif;3522047022;3;1490697423;
broken_heart.gif;1544551284;3;1490697436;
angry_smile.gif;1321367764;3;1490697446;
angel_smile.gif;3734446986;3;1490697446;
