SCMBranch=SpaTMV2017
SCMRepository=SpaTMV2017/Spa_Datdaiduong/NANOSPA/images/orange
reporticon.png;3724700784;3;1490697251;
or_user.png;4039991791;3;1490697261;
or_thamso.png;52270073;3;1490697261;
or_setting.png;1212400678;3;1490697261;
or_list.png;2315481694;3;1490697261;
or_folder.png;2003204860;3;1490697261;
or_clock.png;2750896086;3;1490697261;
or_chrome.png;2343742423;3;1490697261;
or_box.png;1605234615;3;1490697261;
or_bank.png;992667755;3;1490697261;
fieldbg.gif;2747369155;3;1490697397;
