SCMBranch=SpaTMV2017
SCMRepository=SpaTMV2017/Spa_Datdaiduong/NANOSPA/ckeditor/plugins/showblocks/images
block_pre.png;3607766098;3;1490697440;
block_p.png;4068566275;3;1490697440;
block_h6.png;3167359811;3;1490697440;
block_h5.png;3526937679;3;1490697440;
block_h4.png;543253271;3;1490697440;
block_h3.png;120846104;3;1490697440;
block_h2.png;2745608042;3;1490697440;
block_h1.png;3378777842;3;1490697440;
block_div.png;440651755;3;1490697440;
block_blockquote.png;4050428900;3;1490697442;
block_address.png;1582779357;3;1490697442;
