SCMBranch=SpaTMV2017
SCMRepository=SpaTMV2017/Spa_Datdaiduong/NANOSPA/images
background1.png;516738130;1;1480561274;
background4.png;2870955913;1;1480561274;
door_in.png;547269033;1;1480561274;
loginbackground.jpg;1313889859;1;1480561274;
loginbackground2.jpg;3512544126;1;1480561274;
loginbackground3.jpg;3429603689;1;1480561274;
zendSpaHeader.png;2784364628;3;1490697223;
white_user.png;2151485956;3;1490697227;
web.png;253542931;3;1490697227;
vip_card.jpg;2589223574;3;1490697229;
VIP.jpg;512160465;3;1490697229;
Trogiup.jpg;2998127606;3;1490697236;
top5.png;429977682;3;1490697237;
top4.png;2321726419;3;1490697237;
top3.png;4260469871;3;1490697237;
top2.png;3472153197;3;1490697237;
top1.png;3017238198;3;1490697237;
TKH_blue4.jpg;3487817170;3;1490697239;
TKH_blue3.jpg;4017583286;3;1490697239;
TKH_blue2.jpg;3730549075;3;1490697239;
TKH_blue1.jpg;2022663645;3;1490697239;
three.gif;4226501080;3;1490697240;
Thongke.png;230931246;3;1490697240;
tab2.gif;2012247838;3;1490697241;
tab-right.gif;2470707363;3;1490697241;
tab-left.gif;4142025285;3;1490697241;
tab-left-active.gif;828924970;3;1490697241;
Report_5.png;1286969879;3;1490697252;
Report_4.png;856871532;3;1490697252;
Report_3.png;716043003;3;1490697252;
Report_2.png;3153268430;3;1490697252;
Report_1.png;1404644629;3;1490697252;
red_user.png;3931884570;3;1490697254;
red_setting.png;1745822068;3;1490697254;
progress.gif;3544897427;3;1490697255;
plus.png;1855220393;3;1490697256;
Note.png;1079819999;3;1490697262;
new.gif;2727893845;3;1490697263;
NANOSPA_Logo.png;3791466818;3;1490697264;
NANO-Spa_Help_old.png;3368216506;3;1490697267;
minus.png;2789035815;3;1490697271;
metal_tilt.png;708210231;3;1490697377;
metal_bg.png;2490949493;3;1490697377;
member_card.jpg;3496053445;3;1490697377;
MEMBER.jpg;1641335541;3;1490697377;
mat sau the.jpg;3801535135;3;1490697378;
logoNano.png;2612280685;3;1490697380;
logoNano.jpg;3216675248;3;1490697380;
logonano.bmp;4134441891;3;1490697380;
logoDibiMilano.JPG;2463531974;3;1490697380;
logo_bluebeauty.jpg;1539861828;3;1490697380;
logo.png;2941145572;3;1490697380;
LoginCustomer.jpg;4096808175;3;1490697380;
icon_xacnhan.png;1090596018;3;1490697391;
icon_Ok.png;1772003021;3;1490697391;
Hotro.png;583239933;3;1490697392;
home.png;2600121452;3;1490697392;
help.png;1464794249;3;1490697392;
Excel-icon.png;1435308312;3;1490697399;
error-img.png;1578858797;3;1490697401;
DLL.gif;863992275;3;1490697407;
discount_card.jpg;3203734880;3;1490697407;
Crystal Report Viewer.pdf;3251246949;3;1490697422;
CARD.jpg;1797484916;3;1490697435;
cancel.png;397679886;3;1490697435;
calendar.gif;1335693502;3;1490697435;
bub.png;3787938215;3;1490697435;
btn_Save.png;4123205353;3;1490697435;
btn_Permision.png;3243387119;3;1490697436;
btn_Edit.png;2459532364;3;1490697436;
btn_Detail.png;3375481078;3;1490697436;
btn_Delete.png;2192532991;3;1490697436;
btn_Cancel.png;1544602651;3;1490697436;
btn_add.png;2847121861;3;1490697436;
bgroud.jpg;975807995;3;1490697442;
bg_MinTable.png;3149494732;3;1490697442;
bg_HeaderTable.png;3683665730;3;1490697442;
bg_Header.png;3145482088;3;1490697442;
bg_body.png;2126140398;3;1490697442;
background.png;2924240064;3;1490697444;
arrow.png;952680100;3;1490697444;
Arrow-double-up-icon.png;2488306966;3;1490697444;
Arrow-double-down-icon.png;1899755354;3;1490697444;
1379421009_Add.png;1700223883;3;1490697464;
001.jpg;3566029842;3;1490697482;
Ok-icon.png;1675226247;1;1490697526;
logoshira.png;4123137408;1;1490697535;
