SCMBranch=SpaTMV2017
SCMRepository=SpaTMV2017/Spa_Datdaiduong/DB/bin/Debug
vs2A08.tmp;3597489890;1;1480561221;
Microsoft.Practices.Unity.dll;2248534351;3;1490697634;
Microsoft.Practices.ObjectBuilder2.dll;1588226571;3;1490697634;
Microsoft.Practices.EnterpriseLibrary.Data.dll;4271323727;3;1490697634;
Microsoft.Practices.EnterpriseLibrary.Common.dll;4069386069;3;1490697634;
LogError.dll;1364257429;3;1490697634;
Lib_SAT.dll;3544366219;3;1490697634;
DB.xml;3597489890;3;1490697639;
DB.vshost.exe.manifest;644594118;3;1490697639;
DB.vshost.exe;517307387;3;1490697639;
DB.pdb;2793830402;3;1490697640;
DB.dll;3403486078;3;1490697641;
CM.xml;3158221038;3;1490697642;
CM.pdb;1022425421;3;1490697642;
CM.dll;4206652889;3;1490697642;
vsC97F.tmp;3597489890;1;1490697645;
vsA49.tmp;3597489890;1;1490697645;
