SCMBranch=SpaTMV2017
SCMRepository=SpaTMV2017/Spa_Datdaiduong/NANOSPA/ckfinder/help/fi/files/images
020.gif;1358268784;3;1490697467;
019.gif;3144648366;3;1490697468;
018.gif;154576146;3;1490697468;
017.gif;331992863;3;1490697468;
016.gif;1538053546;3;1490697468;
015.gif;1992027518;3;1490697469;
014.gif;3291918754;3;1490697469;
013.gif;3869581782;3;1490697470;
012.gif;2990887809;3;1490697471;
011.gif;131764738;3;1490697471;
010.gif;1233804274;3;1490697472;
009.gif;979474564;3;1490697474;
008.gif;1285464596;3;1490697474;
007.gif;3048493874;3;1490697476;
006.gif;2331507735;3;1490697478;
005.gif;3198047144;3;1490697480;
004.gif;1203165887;3;1490697480;
003.gif;1704166464;3;1490697481;
002.gif;78479009;3;1490697482;
001.gif;2133457136;3;1490697483;
