SCMBranch=SpaTMV2017
SCMRepository=SpaTMV2017/Spa_Datdaiduong/NANOSPA/ckfinder/lang
zh-tw.js;1083617260;3;1490697222;
zh-cn.js;1142106999;3;1490697222;
vi.js;1974321582;3;1490697229;
tr.js;1475138231;3;1490697236;
sv.js;1666463976;3;1490697242;
sl.js;2997245364;3;1490697244;
sk.js;3796723515;3;1490697244;
ru.js;3301989281;3;1490697247;
ro.js;3647243957;3;1490697251;
pt-br.js;1846394715;3;1490697255;
pl.js;667113419;3;1490697258;
no.js;15626398;3;1490697262;
nn.js;1472669405;3;1490697263;
nl.js;1356158018;3;1490697263;
nb.js;3888941250;3;1490697263;
lv.js;3460038243;3;1490697379;
lt.js;3915774119;3;1490697379;
ja.js;2507041653;3;1490697387;
it.js;2733152766;3;1490697387;
hu.js;4196560900;3;1490697391;
hr.js;2774335718;3;1490697391;
hi.js;2677495578;3;1490697392;
he.js;3714482683;3;1490697393;
gu.js;544043178;3;1490697394;
fr.js;518638446;3;1490697395;
fi.js;558407435;3;1490697398;
fa.js;3632402673;3;1490697398;
et.js;3529470562;3;1490697400;
es.js;2681348965;3;1490697400;
es-mx.js;293013857;3;1490697400;
eo.js;4177420305;3;1490697401;
en.js;3575382867;3;1490697401;
el.js;3825906325;3;1490697402;
de.js;1309020078;3;1490697419;
da.js;985221383;3;1490697421;
cy.js;1574844855;3;1490697421;
cs.js;1025673298;3;1490697422;
ca.js;2750442095;3;1490697435;
bg.js;2769579541;3;1490697442;
_translationstatus.txt;3589443292;3;1490697450;
