SCMBranch=SpaTMV2017
SCMRepository=SpaTMV2017/Spa_Datdaiduong/NANOSPA/images/icon_logo
web.png;253542931;3;1490697227;
surveys.png;1286969879;3;1490697242;
NANOSPA_Logo.psd;1177609094;3;1490697264;
NANOSPA_Logo.png;984423791;3;1490697264;
LogoSpa_pts.png;3528324316;3;1490697379;
logoNano.jpg;3216675248;3;1490697380;
LoginCustomer.jpg;4096808175;3;1490697380;
help.png;1464794249;3;1490697392;
1323320611_surveys.png;1286969879;3;1490697464;
1323319751_help.png;1464794249;3;1490697465;
1323319535_Gnome-Web-Browser-64.png;253542931;3;1490697465;
