SCMBranch=SpaTMV2017
SCMRepository=SpaTMV2017/Spa_Datdaiduong/NANOSPA/Js
basket.full.min.js;4078256703;1;1480561282;
customer.js;3444035019;1;1480561282;
Util.js;2167384275;3;1490697229;
tabslide.js;3373673841;3;1490697241;
ScrollableGridPlugin.js;32963605;3;1490697246;
mychart.js;2472367646;3;1490697270;
mootools.js;1640275797;3;1490697270;
menu.js;1193623527;3;1490697377;
menu-collapsed.js;1440462511;3;1490697377;
kPortal.Dialog.js;1128666071;3;1490697383;
kPortal.Dialog.css;2525829739;3;1490697383;
jscharts.js;3277457319;3;1490697384;
jsc_Outlook.js;2399161851;3;1490697384;
jsc_Crossbrowser.js;1539469474;3;1490697384;
jquery.js;431827096;3;1490697384;
jquery.dataTables.js;2573788856;3;1490697385;
jquery.chromatable.js;2943137510;3;1490697385;
jquery-ui.min.js;405076706;3;1490697385;
jquery-ui-1.7.2.custom.min.js;1796913465;3;1490697385;
jquery-1.4.4.min.js;4263706015;3;1490697385;
jquery-1.4.1.min.js;3172256481;3;1490697385;
jquery-1.3.2.min.js;4264984015;3;1490697385;
jquery-1.2.1.min.js;3657667989;3;1490697385;
FixedColumns.min.js;3389326506;3;1490697397;
datepicker.js;3410937497;3;1490697420;
click_menu.js;3634794144;3;1490697425;
calendar.js;561905301;3;1490697435;
calendar-vn.js;1778930248;3;1490697435;
calendar-setup.js;3301347207;3;1490697435;
wz_tooltip.js;654712171;1;1490697502;
tipped.js;1460202950;1;1490697508;
tip_followscroll.js;2773815438;1;1490697508;
tip_centerwindow.js;2400398073;1;1490697508;
