SCMBranch=SpaTMV2017
SCMRepository=SpaTMV2017/Spa_Datdaiduong/NANOSPA/ckfinder/skins/v1/images
toolbar_start.gif;391375238;3;1490697238;
sprites_ie6.png;2669774244;3;1490697243;
sprites.png;2376600370;3;1490697243;
spacer.gif;2875768182;3;1490697243;
icons.png;2809594262;3;1490697391;
dialog_sides_rtl.png;1824166544;3;1490697407;
dialog_sides.png;114469331;3;1490697407;
dialog_sides.gif;2069200009;3;1490697408;
ckfplus.gif;555987228;3;1490697425;
ckfnothumb.gif;1984446426;3;1490697425;
ckfminus.gif;138377519;3;1490697425;
ckffolderopened.gif;2903882350;3;1490697432;
ckffolder.gif;1366875415;3;1490697432;
