SCMBranch=SpaTMV2017
SCMRepository=SpaTMV2017/Spa_Datdaiduong/NANOSPA/ckfinder/skins/v1/images/icons/16
zip.gif;3465466428;3;1490697222;
xml.gif;4266584710;3;1490697226;
xlsx.gif;3517122308;3;1490697227;
xls.gif;3517122308;3;1490697227;
vsd.gif;340057917;3;1490697229;
txt.gif;3657255087;3;1490697236;
swt.gif;915543814;3;1490697242;
swf.gif;915543814;3;1490697242;
rdp.gif;16687524;3;1490697254;
pptx.gif;3856195649;3;1490697256;
ppt.gif;3856195649;3;1490697256;
pdf.gif;3253224592;3;1490697260;
mp3.gif;2427392629;3;1490697270;
mdb.gif;1922799666;3;1490697377;
js.gif;1231458620;3;1490697384;
jpg.gif;3506126540;3;1490697387;
gif.gif;3038104432;3;1490697395;
fla.gif;3971741472;3;1490697397;
exe.gif;2394624588;3;1490697399;
docx.gif;3691759568;3;1490697404;
doc.gif;3691759568;3;1490697404;
dll.gif;893611247;3;1490697407;
default.icon.gif;1330383789;3;1490697418;
cs.gif;710660349;3;1490697422;
bmp.gif;1116809303;3;1490697440;
avi.gif;2427392629;3;1490697444;
ai.gif;1796025847;3;1490697447;
