SCMBranch=SpaTMV2017
SCMRepository=SpaTMV2017/Spa_Datdaiduong/NANOSPA/ckeditor/plugins/a11yhelp/lang
zh-cn.js;4045575422;3;1490697222;
vi.js;166591186;3;1490697229;
ug.js;2286480642;3;1490697235;
tr.js;4202667133;3;1490697237;
ro.js;3489472055;3;1490697251;
pt-br.js;1258637110;3;1490697255;
no.js;845898613;3;1490697262;
nl.js;4130710788;3;1490697263;
nb.js;2082497304;3;1490697263;
mk.js;3085704800;3;1490697271;
it.js;2765473553;3;1490697387;
he.js;1535230227;3;1490697393;
gu.js;3577640465;3;1490697394;
fr.js;3524501576;3;1490697395;
fi.js;1694407277;3;1490697398;
fa.js;1014941082;3;1490697398;
eo.js;2020487395;3;1490697401;
en.js;185477605;3;1490697401;
el.js;3507585720;3;1490697402;
de.js;1724435644;3;1490697420;
da.js;2104446079;3;1490697421;
cy.js;3127893615;3;1490697421;
cs.js;4063099307;3;1490697422;
_translationstatus.txt;2571995307;3;1490697452;
