SCMBranch=SpaTMV2017
SCMRepository=SpaTMV2017/Spa_Datdaiduong/NANOSPA/images/Icon
9.png;3579047015;3;1490697453;
8.png;1079819999;3;1490697453;
7.png;1832736612;3;1490697453;
6.png;2413103336;3;1490697453;
5.png;2430340710;3;1490697455;
4.png;3608053214;3;1490697456;
3.png;2611000796;3;1490697459;
25.png;856871532;3;1490697459;
24.png;716043003;3;1490697459;
23.png;3153268430;3;1490697459;
22.png;1404644629;3;1490697459;
21.png;1800148115;3;1490697459;
20.png;3566005840;3;1490697462;
2.png;795977004;3;1490697462;
19.png;357546546;3;1490697462;
18.png;2899987062;3;1490697462;
17.png;3676212465;3;1490697464;
16.png;2809555640;3;1490697464;
15.png;2088003252;3;1490697464;
14.png;445654984;3;1490697464;
13.png;920242162;3;1490697465;
12.png;2014485794;3;1490697466;
11.png;2090520576;3;1490697466;
10.png;3401289497;3;1490697466;
1.png;1552429921;3;1490697466;
(985).png;60057643;3;1490697483;
(984).png;53260334;3;1490697483;
(983).png;500250271;3;1490697483;
(90).png;520591517;3;1490697483;
(9).png;456889549;3;1490697483;
(9).gif;1432459004;3;1490697483;
(87).png;3434574853;3;1490697484;
(85).png;133893271;3;1490697484;
(84).png;2775479279;3;1490697484;
(82).png;264466455;3;1490697484;
(81).png;191966916;3;1490697484;
(8).png;1156464280;3;1490697485;
(8).gif;3396658071;3;1490697485;
(79).png;1749410800;3;1490697485;
(7).png;1080988881;3;1490697485;
(7).gif;2028290414;3;1490697485;
(678).png;3837003541;3;1490697485;
(660).png;2950632001;3;1490697485;
(654).png;1428903138;3;1490697485;
(65).png;3566348213;3;1490697485;
(62).png;30143629;3;1490697486;
(615).png;3544278649;3;1490697486;
(6).png;4163371563;3;1490697486;
(6).gif;1299156339;3;1490697486;
(58).png;3482468539;3;1490697486;
(57).gif;3596780763;3;1490697486;
(567).png;1475941885;3;1490697486;
(564).png;2552243589;3;1490697486;
(548).png;1396059280;3;1490697486;
(5).png;4078852690;3;1490697486;
(5).gif;545874202;3;1490697486;
(49).gif;1738695671;3;1490697486;
(44).png;245103679;3;1490697486;
(437).png;3982256807;3;1490697487;
(43).gif;2336319791;3;1490697487;
(424).png;2271110308;3;1490697488;
(410).png;1335599113;3;1490697488;
(41).png;1254794258;3;1490697488;
(409).png;1997785827;3;1490697488;
(4).png;1333873493;3;1490697488;
(4).gif;2107491450;3;1490697488;
(386).png;3209719634;3;1490697488;
(383).png;2689102253;3;1490697488;
(345).png;3806061432;3;1490697488;
(343).png;878275270;3;1490697488;
(342).png;3973344723;3;1490697488;
(341).png;242238112;3;1490697488;
(339).png;113191522;3;1490697490;
(3340).png;2032106647;3;1490697490;
(33).gif;2844667019;3;1490697490;
(324).png;3151699020;3;1490697490;
(319).png;4287244454;3;1490697490;
(3050).png;1133160430;3;1490697490;
(304).png;2787070140;3;1490697490;
(3033).png;2110820200;3;1490697490;
(3028).png;1949052394;3;1490697490;
(3020).png;1351461433;3;1490697490;
(3019).png;2083587599;3;1490697490;
(3).png;1722561113;3;1490697490;
(3).gif;1235602148;3;1490697490;
(2994).png;1688486313;3;1490697490;
(2991).png;3865981677;3;1490697490;
(2945).png;3722225177;3;1490697491;
(2943).png;599942729;3;1490697491;
(294).png;1468435883;3;1490697491;
(293).png;1321002097;3;1490697491;
(280).png;3578376800;3;1490697491;
(28).gif;3270353238;3;1490697491;
(279).png;2240649770;3;1490697491;
(256).png;2501890251;3;1490697491;
(24).gif;454290145;3;1490697491;
(236).png;40896814;3;1490697491;
(229).png;1576452435;3;1490697491;
(228).png;3998009262;3;1490697491;
(227).png;2507554410;3;1490697491;
(21).png;1409634207;3;1490697491;
(20).gif;1303937502;3;1490697492;
(2).png;1333873493;3;1490697492;
(2).gif;3199590137;3;1490697492;
(197).png;351433319;3;1490697492;
(192).png;1259213230;3;1490697492;
(18).png;3349571206;3;1490697492;
(18).gif;751165816;3;1490697492;
(173).png;2775479279;3;1490697492;
(172).png;3523746812;3;1490697492;
(170).png;2196119188;3;1490697492;
(17).png;1521639767;3;1490697492;
(17).gif;407173581;3;1490697492;
(168).png;3753834090;3;1490697492;
(164).png;3158577731;3;1490697492;
(163).png;4056216497;3;1490697492;
(16).gif;956644891;3;1490697492;
(155).png;3027549619;3;1490697495;
(151).png;390903988;3;1490697495;
(15).png;2242762245;3;1490697495;
(15).gif;1450215888;3;1490697495;
(149).png;3641082185;3;1490697495;
(144).png;3878408392;3;1490697495;
(14).png;335580539;3;1490697495;
(14).gif;3722497244;3;1490697495;
(139).png;3126193929;3;1490697495;
(13).png;3362142443;3;1490697495;
(13).gif;4178883413;3;1490697495;
(123).png;1423217510;3;1490697495;
(12).png;1619379992;3;1490697495;
(12).gif;513527235;3;1490697495;
(118).png;2839505313;3;1490697495;
(115).png;3733269850;3;1490697498;
(11).png;2236119131;3;1490697498;
(11).gif;4008762999;3;1490697498;
(108).png;1637568440;3;1490697498;
(106).png;3427496279;3;1490697498;
(102).png;3499500117;3;1490697498;
(10).png;1765976272;3;1490697498;
(10).gif;1460045833;3;1490697498;
(1).png;1698335783;3;1490697498;
(1).gif;725712762;3;1490697498;
room.png;3105083205;1;1490697518;
