SCMBranch=SpaTMV2017
SCMRepository=SpaTMV2017/Spa_Datdaiduong/NANOSPA/ckfinder/help/es/files
toc.html;3747372926;3;1490697239;
suggestions.html;3174741885;3;1490697242;
license.html;2579578048;3;1490697383;
header.html;3406946560;3;1490697393;
013.html;2920940335;3;1490697470;
012.html;1416562871;3;1490697470;
011.html;781706557;3;1490697471;
010.html;1068540737;3;1490697472;
009.html;1238975109;3;1490697474;
008.html;1303715084;3;1490697474;
007.html;4113666072;3;1490697476;
006.html;2312615405;3;1490697478;
005.html;3448019966;3;1490697478;
004.html;4262422566;3;1490697480;
003.html;2815168597;3;1490697481;
002.html;3449026431;3;1490697482;
001.html;2151778785;3;1490697483;
