SCMBranch=SpaTMV2017
SCMRepository=SpaTMV2017/Spa_Datdaiduong/BO/bin/Release
Microsoft.Practices.Unity.dll;2248534351;3;1490697689;
Microsoft.Practices.ObjectBuilder2.dll;1588226571;3;1490697689;
Microsoft.Practices.EnterpriseLibrary.Data.dll;4271323727;3;1490697689;
Microsoft.Practices.EnterpriseLibrary.Common.dll;4069386069;3;1490697689;
LogError.dll;1364257429;3;1490697689;
Lib_SAT.dll;3544366219;3;1490697689;
DB.xml;3597489890;3;1490697691;
DB.pdb;1737615302;3;1490697691;
DB.dll;435399795;3;1490697691;
CM.xml;3158221038;3;1490697691;
CM.pdb;4165254173;3;1490697691;
CM.dll;3824667413;3;1490697691;
BO.xml;4133077503;3;1490697694;
BO.pdb;2551461856;3;1490697695;
BO.dll;3191484900;3;1490697695;
vsFDA6.tmp;4133077503;1;1490697695;
vsD6B1.tmp;4133077503;1;1490697695;
DB.exe;902245953;1;1490697695;
CM.exe;641402989;1;1490697695;
BO.exe;4182484999;1;1490697695;
