SCMBranch=SpaTMV2017
SCMRepository=SpaTMV2017/Spa_Datdaiduong/NANOSPA/ckfinder/core/connector/aspx/lang
zh-tw.xml;2150937379;3;1490697222;
zh-cn.xml;635934062;3;1490697222;
vi.xml;557136307;3;1490697229;
tr.xml;2512598831;3;1490697236;
sv.xml;3428071308;3;1490697242;
sl.xml;2458052090;3;1490697243;
sk.xml;1908929244;3;1490697244;
ru.xml;2588603547;3;1490697247;
ro.xml;1606890079;3;1490697250;
pt-br.xml;278511472;3;1490697255;
pl.xml;2249912762;3;1490697258;
no.xml;3362828592;3;1490697262;
nn.xml;1519012933;3;1490697262;
nl.xml;3068540475;3;1490697263;
nb.xml;3362828592;3;1490697263;
lv.xml;2421653596;3;1490697378;
lt.xml;1915712474;3;1490697379;
ja.xml;2974290691;3;1490697387;
it.xml;4180473304;3;1490697387;
hu.xml;1737101742;3;1490697391;
hr.xml;3830074752;3;1490697391;
hi.xml;544003379;3;1490697392;
he.xml;2735722899;3;1490697393;
gu.xml;999035934;3;1490697394;
fr.xml;1548876057;3;1490697395;
fi.xml;2847227305;3;1490697398;
fa.xml;1295069842;3;1490697398;
et.xml;3929651772;3;1490697400;
es.xml;1730941692;3;1490697400;
es-mx.xml;2376738949;3;1490697400;
eo.xml;1712239472;3;1490697401;
en.xml;1615002538;3;1490697401;
el.xml;2432980870;3;1490697402;
de.xml;1538320443;3;1490697419;
da.xml;3189895558;3;1490697421;
cy.xml;3601518448;3;1490697421;
cs.xml;4011862127;3;1490697422;
ca.xml;3444196248;3;1490697435;
bg.xml;3163941401;3;1490697442;
