SCMBranch=SpaTMV2017
SCMRepository=SpaTMV2017/Spa_Datdaiduong/NANOSPA/ckeditor/plugins/uicolor/lang
zh-cn.js;3903618546;3;1490697222;
vi.js;1624212506;3;1490697229;
uk.js;940363128;3;1490697231;
ug.js;2374039081;3;1490697235;
tr.js;3606559534;3;1490697237;
pt-br.js;3634547663;3;1490697255;
pl.js;2924971017;3;1490697258;
no.js;761779141;3;1490697262;
nl.js;3671086968;3;1490697263;
nb.js;1816070346;3;1490697264;
mk.js;1545421487;3;1490697271;
it.js;30218285;3;1490697387;
hr.js;2846949423;3;1490697391;
he.js;3998720155;3;1490697394;
fr.js;2034164652;3;1490697396;
fi.js;369055348;3;1490697398;
fa.js;2404013929;3;1490697399;
et.js;421916474;3;1490697400;
eo.js;1478196223;3;1490697401;
en.js;775752658;3;1490697402;
el.js;3685584995;3;1490697402;
de.js;2158052;3;1490697420;
da.js;4281703639;3;1490697421;
cy.js;1318699750;3;1490697421;
cs.js;4290949580;3;1490697422;
bg.js;1072261453;3;1490697444;
_translationstatus.txt;2176533516;3;1490697452;
