SCMBranch=SpaTMV2017
SCMRepository=SpaTMV2017/Spa_Datdaiduong/NANOSPA/ckfinder/help/es-mx/files/images
020.png;1238142456;3;1490697467;
019.png;1609315616;3;1490697467;
018.png;2519352016;3;1490697468;
017.gif;331992863;3;1490697468;
016.gif;1538053546;3;1490697468;
015.gif;1992027518;3;1490697469;
014.gif;3291918754;3;1490697469;
013.png;3979310346;3;1490697469;
012.png;2810214347;3;1490697470;
011.png;3059935689;3;1490697471;
010.gif;1233804274;3;1490697473;
009.png;3963772792;3;1490697473;
008.png;197062142;3;1490697474;
007.png;179734242;3;1490697476;
006.png;2299537210;3;1490697476;
005.png;1198565832;3;1490697478;
004.png;2397007530;3;1490697480;
003.gif;1704166464;3;1490697481;
002.gif;78479009;3;1490697482;
001.png;1792983956;3;1490697482;
