SCMBranch=SpaTMV2017
SCMRepository=SpaTMV2017/Spa_Datdaiduong/NANOSPA/ckfinder/help/en/files
toc.html;1527402985;3;1490697239;
suggestions.html;3009741544;3;1490697242;
license.html;2026044816;3;1490697383;
header.html;4130629017;3;1490697393;
015.html;2644251978;3;1490697469;
014.html;477497607;3;1490697469;
013.html;3235569851;3;1490697470;
012.html;1490998275;3;1490697470;
011.html;2396885682;3;1490697471;
010.html;2553209732;3;1490697472;
009.html;1059413084;3;1490697473;
008.html;1145229428;3;1490697474;
007.html;1418878316;3;1490697476;
006.html;2216253417;3;1490697478;
005.html;3818486661;3;1490697478;
004.html;3595458985;3;1490697480;
003.html;2441415746;3;1490697481;
002.html;625196579;3;1490697482;
001.html;3301556517;3;1490697483;
