SCMBranch=SpaTMV2017
SCMRepository=SpaTMV2017/Spa_Datdaiduong/NANOSPA/ckfinder/skins/v1/images/icons/32
zip.gif;4212840696;3;1490697222;
xml.gif;3650221634;3;1490697226;
xlsx.gif;2590981724;3;1490697227;
xls.gif;2590981724;3;1490697227;
vsd.gif;2180259487;3;1490697228;
txt.gif;1028350670;3;1490697236;
swt.gif;1743351446;3;1490697242;
swf.gif;2005400025;3;1490697242;
rdp.gif;4062553680;3;1490697254;
pptx.gif;1492677418;3;1490697256;
ppt.gif;1492677418;3;1490697256;
pdf.gif;3226738030;3;1490697260;
mp3.gif;663418827;3;1490697270;
mdb.gif;3638149459;3;1490697377;
js.gif;4193183223;3;1490697384;
jpg.gif;1709348234;3;1490697385;
gif.gif;3597546319;3;1490697395;
fla.gif;3236489281;3;1490697397;
exe.gif;744069565;3;1490697399;
docx.gif;1082547111;3;1490697403;
doc.gif;1082547111;3;1490697404;
dll.gif;1305390966;3;1490697407;
default.icon.gif;572124302;3;1490697418;
cs.gif;2612135631;3;1490697422;
bmp.gif;1803867241;3;1490697440;
avi.gif;2131032456;3;1490697444;
ai.gif;3300008720;3;1490697447;
