SCMBranch=SpaTMV2017
SCMRepository=SpaTMV2017/Spa_Datdaiduong/NANOSPA/ckfinder/_source/Connector
XmlUtil.cs;3930515378;3;1490697226;
Util.cs;1915272361;3;1490697229;
RestartModule.cs;2056092824;3;1490697251;
RegexLib.cs;558878578;3;1490697254;
Quantizer.cs;814265629;3;1490697255;
OctreeQuantizer.cs;2444955602;3;1490697262;
Lang.cs;452990297;3;1490697383;
ImageTools.cs;2766598299;3;1490697390;
FolderHandler.cs;580477460;3;1490697396;
FixFlashCookies.cs;1162742943;3;1490697397;
Errors.cs;3464691973;3;1490697400;
ConnectorException.cs;817382517;3;1490697423;
Connector.cs;257575242;3;1490697423;
Config.cs;1146163687;3;1490697423;
CKFinderPlugin.cs;875050167;3;1490697425;
CKFinderEventArgs.cs;3534257482;3;1490697426;
CKFinderEvent.cs;3063467625;3;1490697426;
