SCMBranch=SpaTMV2017
SCMRepository=SpaTMV2017/Spa_Datdaiduong/NANOSPA/ckeditor/plugins/placeholder/lang
zh-cn.js;2995684691;3;1490697222;
vi.js;26695549;3;1490697229;
uk.js;1021457957;3;1490697231;
ug.js;3239192938;3;1490697235;
tr.js;2070363706;3;1490697237;
pt-br.js;3873395768;3;1490697255;
pl.js;1941367938;3;1490697258;
no.js;2255852994;3;1490697262;
nl.js;3045388520;3;1490697263;
nb.js;3341635277;3;1490697264;
it.js;3076981926;3;1490697387;
hr.js;2976891387;3;1490697391;
he.js;3541238426;3;1490697393;
fr.js;3653672847;3;1490697396;
fi.js;4209158839;3;1490697398;
fa.js;1912978672;3;1490697399;
et.js;979691867;3;1490697400;
eo.js;326867374;3;1490697401;
en.js;4222049411;3;1490697402;
el.js;2461687958;3;1490697402;
de.js;2629879656;3;1490697420;
da.js;1604328216;3;1490697421;
cy.js;2588801206;3;1490697421;
cs.js;1494786129;3;1490697422;
bg.js;354674038;3;1490697442;
_translationstatus.txt;3689741301;3;1490697452;
