SCMBranch=SpaTMV2017
SCMRepository=SpaTMV2017/Spa_Datdaiduong/NANOSPA/ckfinder/help/lt/files/images
020.gif;3652949790;3;1490697467;
019.gif;1077766628;3;1490697467;
018.gif;154576146;3;1490697468;
017.gif;331992863;3;1490697468;
016.gif;1538053546;3;1490697468;
015.gif;1992027518;3;1490697469;
014.gif;3291918754;3;1490697469;
013.gif;4281080478;3;1490697470;
012.gif;2025135656;3;1490697471;
011.gif;1832870536;3;1490697471;
010.gif;3037732351;3;1490697472;
009.gif;2140351379;3;1490697474;
008.gif;1391750112;3;1490697474;
007.gif;1720067196;3;1490697476;
006.gif;1494592317;3;1490697478;
005.gif;3198047144;3;1490697480;
004.gif;4042380171;3;1490697480;
003.gif;1704166464;3;1490697481;
002.gif;78479009;3;1490697482;
001.gif;892264171;3;1490697483;
