SCMBranch=SpaTMV2017
SCMRepository=SpaTMV2017/Spa_Datdaiduong/NANOSPA/ckfinder/help/lt/files
toc.html;1692399338;3;1490697239;
suggestions.html;3000707225;3;1490697242;
license.html;3278975550;3;1490697383;
header.html;1761977159;3;1490697393;
013.html;3393986341;3;1490697470;
012.html;3014689828;3;1490697470;
011.html;1578958214;3;1490697471;
010.html;935079022;3;1490697472;
009.html;573871435;3;1490697473;
008.html;25427630;3;1490697474;
007.html;994721863;3;1490697476;
006.html;2115275763;3;1490697478;
005.html;1466028347;3;1490697478;
004.html;802502258;3;1490697480;
003.html;195916871;3;1490697481;
002.html;2377227308;3;1490697482;
001.html;819494515;3;1490697483;
