SCMBranch=SpaTMV2017
SCMRepository=SpaTMV2017/Spa_Datdaiduong/NANOSPA/ckfinder/help/pl/files
toc.html;3128342665;3;1490697238;
suggestions.html;949037064;3;1490697242;
license.html;1135636185;3;1490697382;
header.html;3602136696;3;1490697393;
015.html;3740370412;3;1490697468;
014.html;3136938846;3;1490697469;
013.html;504276464;3;1490697469;
012.html;3733817990;3;1490697470;
011.html;4140444097;3;1490697471;
010.html;3945034856;3;1490697471;
009.html;3321445552;3;1490697473;
008.html;1983024343;3;1490697474;
007.html;3810527233;3;1490697476;
006.html;350494130;3;1490697476;
005.html;1164951514;3;1490697478;
004.html;2625885941;3;1490697480;
003.html;1996725908;3;1490697481;
002.html;3304184259;3;1490697481;
001.html;561802138;3;1490697482;
