SCMBranch=SpaTMV2017
SCMRepository=SpaTMV2017/Spa_Datdaiduong/NANOSPA/ckeditor/plugins/specialchar/lang
zh-cn.js;642443368;3;1490697222;
ug.js;4146457648;3;1490697235;
tr.js;1681881622;3;1490697236;
pt-br.js;254968581;3;1490697255;
no.js;2521365293;3;1490697262;
nl.js;2820076305;3;1490697263;
nb.js;3117947848;3;1490697263;
it.js;838421092;3;1490697387;
hr.js;1427714727;3;1490697391;
he.js;2328052814;3;1490697393;
fr.js;1930052836;3;1490697395;
fi.js;2434263094;3;1490697398;
fa.js;2950842187;3;1490697398;
et.js;2335993104;3;1490697400;
eo.js;1911461774;3;1490697401;
en.js;4146221905;3;1490697401;
el.js;1388428557;3;1490697402;
de.js;1712802935;3;1490697419;
cy.js;1235539723;3;1490697421;
cs.js;379645835;3;1490697422;
_translationstatus.txt;1794788756;3;1490697452;
