SCMBranch=SpaTMV2017
SCMRepository=SpaTMV2017/Spa_Datdaiduong/NANOSPA/ckeditor/plugins/devtools/lang
zh-cn.js;2331087757;3;1490697223;
vi.js;494267795;3;1490697229;
uk.js;1199811298;3;1490697231;
ug.js;242891430;3;1490697235;
tr.js;2577193730;3;1490697237;
pt-br.js;2388191081;3;1490697255;
pl.js;372523502;3;1490697258;
no.js;160002194;3;1490697262;
nl.js;306706063;3;1490697263;
nb.js;3436475677;3;1490697264;
it.js;1446326572;3;1490697387;
hr.js;927887105;3;1490697392;
he.js;1387239039;3;1490697394;
gu.js;648102125;3;1490697394;
fr.js;880490877;3;1490697396;
fi.js;2951490425;3;1490697398;
fa.js;3650192393;3;1490697399;
et.js;2235302526;3;1490697400;
eo.js;1795706492;3;1490697401;
en.js;1548014645;3;1490697402;
el.js;322703411;3;1490697402;
de.js;792842325;3;1490697420;
da.js;1949031122;3;1490697421;
cy.js;3202285405;3;1490697421;
cs.js;787824233;3;1490697422;
bg.js;2154346777;3;1490697442;
_translationstatus.txt;2131320359;3;1490697452;
