SCMBranch=SpaTMV2017
SCMRepository=SpaTMV2017/Spa_Datdaiduong/NANOSPA/ckfinder/help/fi/files
toc.html;3651642322;3;1490697239;
suggestions.html;1479380769;3;1490697242;
license.html;1404146698;3;1490697382;
header.html;3792218266;3;1490697393;
013.html;54776757;3;1490697470;
012.html;2695512044;3;1490697471;
011.html;4205889732;3;1490697471;
010.html;189144876;3;1490697472;
009.html;2048108546;3;1490697474;
008.html;2183499757;3;1490697474;
007.html;2912758746;3;1490697476;
006.html;4178954954;3;1490697478;
005.html;3840675359;3;1490697478;
004.html;1859541493;3;1490697480;
003.html;166508517;3;1490697481;
002.html;3092455698;3;1490697482;
001.html;347112168;3;1490697483;
