SCMBranch=SpaTMV2017
SCMRepository=SpaTMV2017/Spa_Datdaiduong/NANOSPA/images/16x16
clock.png;3976058842;1;1480561275;
user.png;1909560798;3;1490697231;
table.png;3873100906;3;1490697241;
star.png;1152109930;3;1490697242;
save.png;2796112921;3;1490697247;
report_go.png;3157316423;3;1490697252;
refresh.png;2295269460;3;1490697254;
printer.png;3292774219;3;1490697255;
pencil_add.png;4265545945;3;1490697258;
page_white.png;690003453;3;1490697260;
page_go.png;2677655571;3;1490697260;
page.png;2978035072;3;1490697260;
no_avatar.jpg;1280853873;3;1490697262;
money_dollar.png;379151673;3;1490697270;
medical.png;1961345861;3;1490697377;
filter.png;2924289191;3;1490697397;
export_excel.png;1022917021;3;1490697399;
exit.png;2664075808;3;1490697399;
door_out.png;1317261597;3;1490697403;
door_in.png;547269033;3;1490697403;
coins_in_hand.png;2593973808;3;1490697423;
card_front.png;2160221438;3;1490697435;
card_discover_black.png;3884004481;3;1490697435;
cancel.png;397679886;3;1490697435;
back.png;2491517241;3;1490697444;
application_link.png;2038575968;3;1490697446;
add.png;4119836704;3;1490697450;
Ok-icon.png;1675226247;1;1490697526;
Logo.png;3580351240;1;1490697537;
imagesok.png;505615155;1;1490697546;
images.jpg;2664625639;1;1490697547;
