SCMBranch=SpaTMV2017
SCMRepository=SpaTMV2017/Spa_Datdaiduong/NANOSPA/ckeditor/lang
zh.js;3874746204;3;1490697222;
zh-cn.js;2381912695;3;1490697222;
vi.js;4166163115;3;1490697229;
uk.js;4093720476;3;1490697231;
ug.js;4001902490;3;1490697235;
tr.js;2029913472;3;1490697236;
th.js;2022250065;3;1490697240;
sv.js;3545355924;3;1490697242;
sr.js;887939738;3;1490697242;
sr-latn.js;1527138000;3;1490697242;
sl.js;2247616448;3;1490697244;
sk.js;705903506;3;1490697244;
ru.js;1352492015;3;1490697247;
ro.js;3817710002;3;1490697251;
pt.js;4235325640;3;1490697255;
pt-br.js;3527567219;3;1490697255;
pl.js;1121649627;3;1490697258;
no.js;1637842737;3;1490697262;
nl.js;2983079934;3;1490697263;
nb.js;3228924564;3;1490697263;
ms.js;2362095850;3;1490697270;
mn.js;1229199939;3;1490697270;
mk.js;4158432037;3;1490697271;
lv.js;985835171;3;1490697378;
lt.js;2774594692;3;1490697379;
ko.js;2952383131;3;1490697384;
km.js;3886651086;3;1490697384;
ka.js;3355202279;3;1490697384;
ja.js;2360861994;3;1490697387;
it.js;2661803719;3;1490697387;
is.js;2218588949;3;1490697387;
id.js;143242845;3;1490697390;
hu.js;3811845872;3;1490697391;
hr.js;285839280;3;1490697391;
hi.js;1644375849;3;1490697392;
he.js;2876506158;3;1490697393;
gu.js;16712273;3;1490697394;
gl.js;3420324797;3;1490697395;
fr.js;1960095514;3;1490697395;
fr-ca.js;2838687218;3;1490697396;
fo.js;3183709483;3;1490697396;
fi.js;2335083910;3;1490697398;
fa.js;462989659;3;1490697398;
eu.js;1606036668;3;1490697399;
et.js;2630398317;3;1490697400;
es.js;598991140;3;1490697400;
eo.js;2283659675;3;1490697401;
en.js;2511364279;3;1490697401;
en-gb.js;2532405029;3;1490697402;
en-ca.js;529971399;3;1490697402;
en-au.js;3182222051;3;1490697402;
el.js;1022025210;3;1490697402;
de.js;904144494;3;1490697419;
da.js;3956499058;3;1490697421;
cy.js;3079680107;3;1490697421;
cs.js;1378939686;3;1490697422;
ca.js;1522049658;3;1490697435;
bs.js;1381814074;3;1490697436;
bn.js;1356661014;3;1490697440;
bg.js;1489184034;3;1490697442;
ar.js;364896731;3;1490697445;
af.js;559865462;3;1490697447;
_translationstatus.txt;4163321713;3;1490697450;
_languages.js;2135024663;3;1490697452;
