SCMBranch=SpaTMV2017
SCMRepository=SpaTMV2017/Spa_Datdaiduong/NANOSPA/ckfinder/help/cs/files
toc.html;2892317499;3;1490697239;
suggestions.html;3265413293;3;1490697242;
license.html;2190741325;3;1490697383;
header.html;1530953446;3;1490697393;
015.html;161036397;3;1490697468;
014.html;3557306803;3;1490697469;
013.html;452603899;3;1490697470;
012.html;2220374196;3;1490697470;
011.html;1981339420;3;1490697471;
010.html;1967480990;3;1490697471;
009.html;3217353348;3;1490697473;
008.html;2626351581;3;1490697474;
007.html;75513242;3;1490697476;
006.html;2660277903;3;1490697477;
005.html;1271287293;3;1490697478;
004.html;2485113045;3;1490697480;
003.html;1698482544;3;1490697481;
002.html;2668913914;3;1490697481;
001.html;2456652807;3;1490697483;
